Verstärker Technics:

An/Aus:
240B7E (23 bits)
Raw (48): 24292 3450 -3450 850 -2600 850 -900 850 -850 850 -2600 850 -900 800 -900 850 -850 850 -900 850 -850 850 -900 850 -2550 900 -850 850 -2600 850 -2600 850 -900 850 -2550 900 -2550 900 -2550 900 -2550 900 -2550 900 -2550 900 -850 850
unsigned int power[] = {3450, 3450, 850, 2600, 850, 900, 850, 850, 850, 2600, 850, 900, 800, 900, 850, 850, 850, 900, 850, 850, 850, 900, 850, 2550, 900, 850, 850, 2600, 850, 2600, 850, 900, 850, 2550, 900, 2550, 900, 2550, 900, 2550, 900, 2550, 900, 2550, 900, 850, 850};

Lautstärke hoch:
244B76 (23 bits)
Raw (48): -9958 3450 -3450 850 -2600 850 -900 850 -850 850 -2600 850 -900 800 -900 850 -850 850 -2600 850 -900 850 -850 850 -2600 850 -900 850 -2550 900 -2550 900 -850 850 -2600 850 -2600 850 -2600 850 -900 850 -2550 900 -2550 900 -850 850
unsigned int volumeUp[] = {3450, 3450, 850, 2600, 850, 900, 850, 850, 850, 2600, 850, 900, 800, 900, 850, 850, 850, 2600, 850, 900, 850, 850, 850, 2600, 850, 900, 850, 2550, 900, 2550, 900, 850, 850, 2600, 850, 2600, 850, 2600, 850, 900, 850, 2550, 900, 2550, 900, 850, 850};

Lautstärke runter:
254B56 (23 bits)
Raw (48): 27134 3450 -3400 900 -2550 900 -850 850 -850 900 -2550 900 -850 850 -2600 850 -850 850 -2600 900 -800 900 -850 850 -2600 850 -850 900 -2550 900 -2550 900 -850 850 -2600 850 -850 900 -2550 900 -850 850 -2600 850 -2600 850 -850 900 
unsigned int volumeDown[] = {3450, 3400, 900, 2550, 900, 850, 850, 850, 900, 2550, 900, 850, 850, 2600, 850, 850, 850, 2600, 900, 800, 900, 850, 850, 2600, 850, 850, 900, 2550, 900, 2550, 900, 850, 850, 2600, 850, 850, 900, 2550, 900, 850, 850, 2600, 850, 2600, 850, 850, 900};

Eingang VCR1:
24FB60 (23 bits)
Raw (48): -23666 3450 -3400 900 -2550 900 -850 850 -850 900 -2550 900 -850 850 -900 800 -2600 850 -2600 900 -2550 900 -2550 900 -2550 900 -850 850 -2600 850 -2600 850 -900 850 -2550 900 -2550 900 -850 850 -900 850 -850 850 -900 800 -850 900 
unsigned int VCR1[] = {3450, 3400, 900, 2550, 900, 850, 850, 850, 900, 2550, 900, 850, 850, 900, 800, 2600, 850, 2600, 900, 2550, 900, 2550, 900, 2550, 900, 850, 850, 2600, 850, 2600, 850, 900, 850, 2550, 900, 2550, 900, 850, 850, 900, 850, 850, 850, 900, 800, 850, 900};

Eingang CD1:
25BB48 (23 bits)
Raw (48): -30664 3500 -3400 900 -2550 900 -850 850 -900 800 -2600 850 -900 850 -2600 850 -2600 850 -900 800 -2600 850 -2600 900 -2550 900 -850 850 -2600 850 -2600 850 -900 850 -2550 900 -850 850 -900 800 -2600 850 -900 850 -850 850 -850 900 
unsigned int CD[] = {3500, 3400, 900, 2550, 900, 850, 850, 900, 800, 2600, 850, 900, 850, 2600, 850, 2600, 850, 900, 800, 2600, 850, 2600, 900, 2550, 900, 850, 850, 2600, 850, 2600, 850, 900, 850, 2550, 900, 850, 850, 900, 800, 2600, 850, 900, 850, 850, 850, 850, 900};

Eingang TAPE:
247B70 (23 bits)
Raw (48): 23336 3500 -3400 850 -2600 900 -800 900 -850 850 -2600 900 -800 900 -850 850 -850 900 -2550 900 -2550 900 -2550 900 -2550 900 -850 850 -2550 900 -2550 900 -850 900 -2550 900 -2550 900 -2550 900 -850 850 -850 900 -850 850 -850 900 
unsigned int TAPE[] = {3500, 3400, 850, 2600, 900, 800, 900, 850, 850, 2600, 900, 800, 900, 850, 850, 850, 900, 2550, 900, 2550, 900, 2550, 900, 2550, 900, 850, 850, 2550, 900, 2550, 900, 850, 900, 2550, 900, 2550, 900, 2550, 900, 850, 850, 850, 900, 850, 850, 850, 900};

Stummschalten:
25CB46 (23 bits)
Raw (48): 22492 3450 -3450 850 -2600 850 -900 850 -850 850 -2600 850 -900 850 -2550 900 -2550 900 -2550 900 -850 850 -900 800 -2650 800 -900 850 -2600 850 -2600 850 -900 800 -2600 850 -900 850 -900 800 -900 850 -2600 850 -2550 900 -850 850 
unsigned int mute[] = {3450, 3450, 850, 2600, 850, 900, 850, 850, 850, 2600, 850, 900, 850, 2550, 900, 2550, 900, 2550, 900, 850, 850, 900, 800, 2650, 800, 900, 850, 2600, 850, 2600, 850, 900, 800, 2600, 850, 900, 850, 900, 800, 900, 850, 2600, 850, 2550, 900, 850, 850};