Datenlogger_Rakete_v6 wurde gestartet.
Entgegen des Willens von Apple und Arduino.
Ihr Luschen gehoert auf angespitzte Pfaehle gesetzt.
Initialisierung abgeschlossen.
0, 1422, -1312, 48, 432, 1
1, 1467, -1280, 32, 480, 1
2, 1485, -1264, 80, 448, 0
3, 1504, -1424, 80, 416, 0
4, 1522, -1312, 64, 400, 0
5, 1541, -1312, 32, 368, 0
6, 1559, -1328, -32, 384, 0
7, 1577, -1344, 64, 304, 0
8, 1596, -1360, 48, 336, 0
9, 1614, -1232, 64, 320, 0
10, 1633, -1248, 48, 240, 0
11, 1652, -1248, 48, 272, 0
12, 1671, -1216, -16, 256, 0
13, 1693, -1264, 32, 320, 0
14, 1713, -1360, 48, 208, 0
15, 1731, -1280, -64, 256, 0
16, 1751, -1296, -80, 256, 0
17, 1769, -1216, -32, 288, 0
18, 1788, -1168, -16, 320, 0
19, 1807, -1360, -16, 400, 0
20, 1845, -1344, -16, 304, 1
21, 1866, -1312, 48, 320, 0
22, 1886, -1296, -48, 272, 0
23, 1904, -1184, -80, 272, 0
24, 1947, -1312, 32, 288, 1
25, 1969, -1312, 48, 352, 0
26, 1987, -1200, 32, 352, 0
27, 2007, -1264, -32, 272, 0
28, 2025, -1280, -48, 288, 0
29, 2044, -1312, -144, 320, 0
30, 2068, -1248, -48, 320, 0
31, 2086, -1328, -48, 384, 0
32, 2106, -1392, -32, 336, 0
33, 2124, -1360, -176, 256, 0
34, 2144, -1424, -112, 64, 0
35, 2162, -1328, -640, -240, 0
36, 2182, -1296, -288, 496, 0
37, 2201, -1168, 224, 608, 0
38, 2220, -1152, 48, 560, 0
39, 2239, -1328, -16, 368, 0
40, 2257, -1376, -48, 320, 0
41, 2277, -1392, -112, 224, 0
42, 2295, -1296, -224, 176, 0
43, 2315, -1136, -240, 32, 0
44, 2333, -1328, -208, 160, 0
45, 2353, -1552, 0, 256, 0
46, 2371, -1600, 32, 352, 0
47, 2395, -1424, -32, 304, 0
48, 2451, -1040, -208, 64, 1
49, 2472, -928, -208, 192, 0
50, 2491, -1072, 128, 256, 0
51, 2510, -1296, -112, 256, 0
52, 2529, -1424, -176, 256, 0
53, 2548, -1280, -64, 240, 0
54, 2568, -1264, -160, 128, 0
55, 2586, -1136, -176, 112, 0
56, 2606, -1344, -224, 96, 0
57, 2624, -1616, -160, 256, 0
58, 2642, -1616, -336, 384, 0
59, 2662, -1360, -288, 368, 0
60, 2680, -1232, -240, 256, 0
61, 2700, -1184, -320, 224, 0
62, 2718, -1216, -192, 192, 0
63, 2738, -1232, -256, 160, 0
64, 2755, -1360, -128, 144, 0
65, 2774, -1296, -96, 176, 0
66, 2793, -1232, -80, 288, 0
67, 2811, -1216, -192, 192, 0
68, 2831, -1248, -560, 96, 0
69, 2849, -1312, -336, 80, 0
70, 2869, -1392, -304, 0, 0
71, 2911, -1120, -256, 128, 1
72, 2931, -1136, -224, 96, 0
73, 2951, -1360, -224, 112, 0
74, 2969, -1408, -304, 160, 0
75, 2989, -1376, -144, 160, 0
76, 3007, -1328, -240, 192, 0
77, 3026, -1328, -192, 128, 0
78, 3060, -1440, -240, 160, 1
79, 3080, -1424, -352, 48, 0
80, 3103, -1296, -288, 32, 0
81, 3122, -1152, -240, 96, 0
82, 3141, -1296, -176, 128, 0
83, 3160, -1360, -272, 96, 0
84, 3179, -1344, -272, 48, 0
85, 3197, -1312, -272, 96, 0
86, 3217, -1296, -176, 128, 0
87, 3236, -1360, -208, 112, 0
88, 3255, -1344, -272, 80, 0
89, 3274, -1312, -192, 96, 0
90, 3293, -1360, -160, 96, 0
91, 3312, -1360, -160, 64, 0
92, 3331, -1424, -240, -16, 0
93, 3350, -1536, -208, 80, 0
94, 3368, -1616, -208, 128, 0
95, 3412, -1504, -288, -112, 1
96, 3432, -1488, -336, -80, 0
97, 3456, -1568, -192, -144, 0
98, 3475, -1552, -272, -128, 0
99, 3493, -1632, -192, -128, 0
100, 3513, -1488, -208, -128, 0
101, 3532, -1392, -160, -208, 0
102, 3552, -1056, -208, -192, 0
103, 3570, -880, -336, -304, 0
104, 3590, -1040, -112, -320, 0
105, 3609, -1328, -48, -304, 0
106, 3641, -1504, -32, -304, 0
107, 3662, -1168, -208, -336, 1
108, 3681, -1152, -320, -384, 0
109, 3700, -1296, -288, -448, 0
110, 3720, -1280, -160, -464, 0
111, 3738, -1296, -48, -592, 0
112, 3758, -1296, -32, -512, 0
113, 3781, -1312, -112, -512, 0
114, 3801, -1312, -128, -512, 0
115, 3819, -1280, -96, -496, 0
116, 3838, -1312, 0, -496, 0
117, 3857, -1328, -128, -448, 0
118, 3899, -1360, -256, -544, 1
119, 3921, -1296, -288, -624, 0
120, 3940, -1200, -304, -608, 0
121, 3959, -1152, -256, -544, 0
122, 3979, -1216, -192, -576, 0
123, 3997, -1312, -320, -672, 0
124, 4017, -1280, -448, -608, 0
125, 4036, -1232, -464, -576, 0
126, 4056, -1200, -368, -576, 0
127, 4074, -1184, -192, -608, 0
128, 4093, -1200, -288, -592, 0
129, 4111, -1120, -320, -704, 0
130, 4130, -464, -576, -752, 0
131, 4149, -752, -784, -448, 0
132, 4168, -1536, -1376, -464, 0
133, 4188, -1984, -592, -640, 0
134, 4207, -1536, -512, -480, 0
135, 4238, -1008, -272, -608, 1
136, 4260, -864, -192, -720, 0
137, 4279, -1040, -16, -688, 0
138, 4298, -1760, -352, -640, 0
139, 4318, -1712, -368, -480, 0
140, 4336, -1312, -400, -592, 0
141, 4356, -992, -272, -544, 0
142, 4401, -1312, -544, -384, 1
143, 4419, -848, -592, -320, 0
144, 4443, -784, -672, -400, 0
145, 4462, -1056, -640, -608, 0
146, 4482, -1360, -416, -640, 0
147, 4501, -1392, -272, -688, 0
148, 4519, -1344, -496, -672, 0
149, 4539, -960, -912, -480, 0
150, 4558, -880, -608, -592, 0
151, 4578, -976, -288, -688, 0
152, 4596, -1280, -352, -640, 0
153, 4616, -1280, -640, -400, 0
154, 4635, -1344, -832, -336, 0
155, 4655, -1088, -432, -512, 0
156, 4673, -912, -144, -880, 0
157, 4692, -1040, -112, -784, 0
158, 4712, -1488, -304, -384, 0
159, 4731, -1680, -640, -272, 0
160, 4755, -1136, -320, -560, 1
161, 4774, -864, -208, -656, 0
162, 4794, -1312, -336, -704, 0
163, 4812, -1520, -256, -272, 0
164, 4847, -1232, -848, 192, 0
165, 4889, -1040, -48, -736, 1
166, 4911, -1056, -128, -416, 0
167, 4930, -1200, -496, 0, 0
168, 4948, -1088, -384, 0, 0
169, 4968, -1056, -272, 0, 0
170, 4987, -1680, -608, 64, 0
171, 5006, -1584, -672, 240, 0
172, 5025, -1440, -576, 256, 0
173, 5045, -1312, -352, 80, 0
174, 5063, -1424, -288, 0, 0
175, 5083, -1680, -272, -176, 0
176, 5106, -1568, -160, -192, 0
177, 5126, -1440, 80, -240, 0
178, 5145, -1616, -32, -16, 0
179, 5164, -1424, -144, 272, 0
180, 5183, -1552, -128, 256, 0
181, 5202, -2016, -400, 448, 0
182, 5222, -1840, -528, 496, 0
183, 5240, -1536, -256, 496, 0
184, 5260, -1280, -48, 368, 0
185, 5279, -1408, -128, 352, 0
186, 5299, -1504, -288, 464, 0
187, 5317, -1504, -384, 464, 0
188, 5337, -1408, -192, 384, 0
189, 5382, -1408, -80, 256, 1
190, 5401, -1648, -256, 336, 0
191, 5420, -1696, -224, 304, 0
192, 5460, -1728, -336, 352, 1
193, 5479, -1552, -176, 352, 0
194, 5498, -1552, -176, 352, 0
195, 5518, -1616, -112, 336, 0
196, 5536, -1472, -160, 304, 0
197, 5556, -1824, -112, 320, 0
198, 5575, -1872, -96, 224, 0
199, 5595, -1760, -336, 416, 0
200, 5613, -1760, -352, 432, 0
201, 5633, -1232, -288, 416, 0
202, 5651, -1232, -112, 288, 0
203, 5670, -1264, -144, 288, 0
204, 5690, -1456, -320, 272, 0
205, 5708, -1376, -160, 448, 0
206, 5728, -1232, -448, 480, 0
207, 5747, -1408, -192, 272, 0
208, 5771, -1504, -288, 96, 1
209, 5790, -1312, -240, 80, 0
210, 5810, -1072, -48, 208, 0
211, 5828, -992, -16, 384, 0
212, 5870, -1504, -432, 192, 1
213, 5893, -1408, -224, 112, 0
214, 5911, -1408, -272, 192, 0
215, 5931, -1152, -288, 224, 0
216, 5950, -1120, -256, 208, 0
217, 5969, -1264, -416, 336, 0
218, 5988, -1456, -512, 224, 0
219, 6007, -1360, -368, 16, 0
220, 6027, -1200, -192, -48, 0
221, 6061, -976, -224, 0, 1
222, 6079, -1040, -384, 0, 0
223, 6098, -976, -384, 16, 0
224, 6118, -1040, -304, -304, 0
225, 6135, -960, -48, -688, 0
226, 6154, -736, 64, -576, 0
227, 6173, -640, -208, -352, 0
228, 6193, -832, -560, -224, 0
229, 6212, -1056, -544, -240, 0
230, 6232, -992, -192, -416, 0
231, 6250, -1056, -96, -416, 0
232, 6269, -848, -288, -272, 0
233, 6289, -688, -672, -416, 0
234, 6308, -768, -640, -352, 0
235, 6328, -736, -560, -384, 0
236, 6372, -640, -512, -560, 1
237, 6391, -896, -704, -512, 0
238, 6411, -1232, -784, -448, 0
239, 6430, -1360, -768, -512, 0
240, 6453, -1152, -720, -496, 0
241, 6471, -768, -624, -496, 0
242, 6490, -816, -608, -480, 0
243, 6507, -1072, -624, -512, 0
244, 6525, -1472, -800, -448, 0
245, 6544, -1616, -864, -480, 0
246, 6562, -1312, -656, -512, 0
247, 6580, -1152, -608, -512, 0
248, 6598, -848, -528, -592, 0
249, 6617, -704, -640, -528, 0
250, 6634, -880, -784, -592, 0
251, 6652, -1088, -784, -512, 0
252, 6671, -1072, -576, -656, 0
253, 6702, -896, -544, -608, 0
254, 6722, -832, -672, -656, 0
255, 6740, -768, -656, -688, 0
256, 6763, -1152, -880, -576, 1
257, 6782, -1248, -784, -512, 0
258, 6802, -1152, -624, -592, 0
259, 6845, -832, -592, -592, 1
260, 6866, -912, -848, -512, 0
261, 6886, -976, -768, -512, 0
262, 6906, -1040, -672, -576, 0
263, 6926, -1104, -672, -592, 0
264, 6945, -1040, -688, -576, 0
265, 6965, -832, -656, -624, 0
266, 6984, -944, -720, -592, 0
267, 7004, -896, -704, -576, 0
268, 7024, -992, -864, -480, 0
269, 7044, -1344, -896, -432, 0
270, 7063, -1312, -816, -512, 0
271, 7083, -1056, -784, -480, 0
272, 7107, -928, -800, -480, 0
273, 7127, -1040, -944, -512, 1
274, 7147, -976, -784, -576, 0
275, 7166, -992, -816, -512, 0
276, 7187, -1024, -944, -432, 0
277, 7206, -1168, -912, -512, 0
278, 7227, -1168, -752, -496, 0
279, 7246, -1168, -640, -608, 0
280, 7267, -976, -576, -672, 0
281, 7286, -1040, -656, -624, 0
282, 7307, -1056, -864, -560, 0
283, 7365, -736, -704, -448, 1
284, 7387, -816, -800, -432, 0
285, 7406, -752, -816, -416, 0
286, 7426, -800, -672, -480, 0
287, 7446, -960, -576, -560, 0
288, 7471, -1072, -800, -496, 0
289, 7490, -1088, -880, -608, 1
290, 7511, -1040, -736, -672, 0
291, 7530, -1040, -608, -768, 0
292, 7550, -1008, -672, -800, 0
293, 7571, -1024, -896, -592, 0
294, 7590, -1312, -928, -528, 0
295, 7610, -1408, -800, -544, 0
296, 7630, -1248, -656, -512, 0
297, 7651, -1040, -832, -416, 0
298, 7670, -1072, -784, -432, 0
299, 7691, -1056, -656, -448, 0
300, 7710, -1104, -624, -416, 0
301, 7731, -1248, -592, -512, 0
302, 7750, -1264, -608, -576, 0
303, 7775, -1152, -656, -576, 0
304, 7795, -1040, -720, -512, 0
305, 7815, -1184, -800, -560, 0
306, 7858, -1088, -704, -592, 1
307, 7880, -848, -656, -336, 0
308, 7900, -1040, -608, -672, 0
309, 7920, -1184, -224, -1008, 0
310, 7940, -1168, -352, -864, 0
311, 7972, -1040, -640, -704, 1
312, 8002, -1184, -736, -720, 0
313, 8023, -1360, -640, -896, 0
314, 8042, -1168, -560, -1040, 0
315, 8062, -832, -192, -1120, 0
316, 8082, -784, -144, -1136, 0
317, 8102, -928, -304, -1008, 0
318, 8123, -1280, -528, -1056, 1
319, 8147, -1376, -240, -1152, 0
320, 8167, -1056, -176, -1072, 0
321, 8187, -848, -272, -1072, 0
322, 8207, -512, -272, -992, 0
323, 8227, -640, -304, -944, 0
324, 8247, -784, -288, -912, 0
325, 8267, -960, -256, -976, 0
326, 8287, -848, -288, -832, 0
327, 8307, -880, -400, -896, 0
328, 8327, -976, -528, -800, 0
329, 8347, -768, -720, -704, 0
330, 8393, -1072, -784, -848, 1
331, 8413, -896, -784, -928, 0
332, 8433, -1040, -640, -960, 0
333, 8453, -944, -800, -848, 0
334, 8477, -960, -1008, -768, 0
335, 8498, -896, -912, -736, 0
336, 8518, -1104, -944, -768, 0
337, 8538, -864, -976, -720, 0
338, 8558, -768, -896, -768, 0
339, 8578, -752, -880, -800, 0
340, 8613, -1088, -1008, -720, 1
341, 8633, -1248, -880, -800, 0
342, 8653, -1120, -384, -1120, 0
343, 8673, -480, -208, -1056, 0
344, 8693, -272, -528, -1008, 0
345, 8713, -464, -608, -960, 0
346, 8733, -1200, -272, -1392, 0
347, 8754, -752, -160, -1184, 0
348, 8773, -704, -480, -1120, 1
349, 8794, -544, -688, -1088, 0
350, 8818, -336, -384, -1232, 0
351, 8838, -640, -368, -1408, 0
352, 8858, -976, -592, -1152, 0
353, 8901, -560, -1040, -800, 1
354, 8925, -176, -800, -1120, 0
355, 8944, -464, -384, -1568, 0
356, 8965, -320, -672, -1280, 1
357, 8984, -80, -960, -1104, 0
358, 9005, -272, -640, -1888, 0
359, 9025, -464, -768, -1600, 0
360, 9044, -432, -720, -1488, 0
361, 9065, -192, -912, -1296, 0
362, 9084, 48, -624, -1088, 0
363, 9105, -160, -640, -1152, 0
364, 9124, -448, -672, -1248, 0
365, 9145, -816, -512, -1360, 0
366, 9169, -640, -256, -1312, 0
367, 9190, -288, -448, -1376, 0
368, 9223, -272, -592, -1328, 1
369, 9244, 176, -480, -1248, 0
370, 9265, -160, -752, -1424, 0
371, 9284, -64, -592, -1408, 0
372, 9305, -208, -528, -1424, 0
373, 9324, -656, -720, -1536, 0
374, 9345, -320, -464, -1584, 0
375, 9365, 320, -368, -1440, 0
376, 9384, 128, -608, -1568, 0
377, 9430, 48, -272, -1568, 1
378, 9449, 80, -464, -1424, 0
379, 9469, -336, -704, -1504, 0
380, 9489, -208, -544, -1312, 0
381, 9513, 304, -304, -1232, 0
382, 9534, 608, -160, -1376, 0
383, 9554, -160, -432, -1376, 0
384, 9574, -304, -592, -1296, 0
385, 9594, -96, -512, -1328, 0
386, 9614, 384, -480, -2000, 0
387, 9634, -224, -160, -1728, 1
388, 9654, -144, -272, -1712, 0
389, 9674, 80, -208, -1600, 0
390, 9695, 96, -176, -1488, 0
391, 9714, -64, -480, -1552, 0
392, 9735, -384, -480, -1552, 0
393, 9754, -400, -448, -1488, 0
394, 9775, -224, -224, -1408, 0
395, 9794, -16, -144, -1264, 0
396, 9815, -112, -272, -1360, 0
397, 9856, -352, -160, -1200, 1
398, 9875, -32, -32, -1824, 0
399, 9895, -192, -352, -1552, 0
400, 9938, -304, -512, -1392, 1
401, 9961, -240, -496, -1472, 1
402, 9980, -336, -560, -1520, 0
403, 10001, -336, -576, -1488, 0
404, 10021, -208, -544, -1584, 0
405, 10041, -272, -240, -1632, 0
406, 10061, -416, -160, -1568, 0
407, 10082, -240, -336, -1408, 0
408, 10101, -96, -224, -1408, 0
409, 10122, 0, -352, -1440, 0
410, 10141, -208, -304, -1424, 0
411, 10162, -496, -272, -1568, 0
412, 10182, -624, -432, -1552, 0
413, 10207, -480, -304, -1504, 0
414, 10227, -352, -192, -1440, 0
415, 10247, -528, -384, -1488, 1
416, 10267, -656, -464, -1472, 0
417, 10288, -512, -224, -1456, 0
418, 10307, -432, -192, -1440, 0
419, 10328, -320, -192, -1536, 0
420, 10348, -480, -160, -1680, 0
421, 10369, -256, -96, -1424, 0
422, 10388, 128, -16, -1408, 0
423, 10408, -368, -320, -1408, 0
424, 10454, -592, -288, -1456, 1
425, 10486, -80, -688, -1024, 1
426, 10509, -128, -800, -864, 0
427, 10529, -80, -1888, -2368, 0
428, 10554, -272, -320, -1680, 1
429, 10574, -528, -608, -1616, 0
430, 10595, -288, -352, -1440, 0
431, 10615, -128, -400, -1312, 0
432, 10635, -16, -400, -1472, 0
433, 10655, -224, -656, -1504, 0
434, 10676, 16, -720, -1488, 0
435, 10695, -48, -496, -1376, 0
436, 10716, -208, -432, -1328, 0
437, 10736, -160, -528, -1392, 0
438, 10757, -144, -464, -1376, 0
439, 10776, -128, -656, -1536, 0
440, 10797, -224, -512, -1440, 0
441, 10817, -208, -432, -1472, 0
442, 10838, -128, -480, -1344, 0
443, 10862, -16, -576, -1408, 1
444, 10883, -160, -592, -1504, 0
445, 10902, -208, -576, -1376, 0
446, 10923, -240, -592, -1312, 0
447, 10966, -32, -528, -1344, 1
448, 10988, -144, -496, -1376, 0
449, 11009, 96, -640, -1360, 0
450, 11029, -32, -752, -1376, 0
451, 11048, -128, -736, -1424, 0
452, 11069, -16, -816, -1424, 0
453, 11089, -48, -960, -1312, 1
454, 11124, -80, -880, -1312, 0
455, 11145, -32, -832, -1376, 0
456, 11164, 16, -624, -1408, 0
457, 11185, 32, -704, -1312, 0
458, 11209, -16, -784, -1424, 1
459, 11230, 48, -784, -1360, 0
460, 11249, -16, -624, -1424, 0
461, 11270, 80, -640, -1424, 0
462, 11289, -16, -608, -1408, 0
463, 11310, 48, -624, -1376, 0
464, 11330, 96, -656, -1360, 0
465, 11350, -240, -816, -1360, 0
466, 11370, -192, -832, -1376, 0
467, 11390, -144, -816, -1312, 0
468, 11410, -352, -1040, -960, 0
469, 11430, 400, -192, -1312, 0
470, 11451, 384, -352, -1568, 0
471, 11496, -64, -384, -1552, 1
472, 11516, -16, 16, -1680, 0
473, 11536, 48, -272, -1440, 0
474, 11561, -64, -304, -1456, 0
475, 11581, 32, -272, -1488, 0
476, 11601, -32, -96, -1456, 0
477, 11622, -16, -288, -1520, 0
478, 11641, -112, -384, -1472, 0
479, 11662, -80, -416, -1536, 0
480, 11682, -32, -384, -1488, 0
481, 11703, -48, -272, -1536, 1
482, 11735, 112, -240, -1504, 0
483, 11758, 64, -320, -1408, 0
484, 11778, 144, -480, -1440, 0
485, 11798, 32, -272, -1440, 1
486, 11819, 96, -448, -1408, 0
487, 11838, 176, -400, -1280, 0
488, 11858, 112, -464, -1424, 0
489, 11879, 64, -496, -1440, 0
490, 11901, -16, -304, -1440, 0
491, 11920, 144, -400, -1552, 0
492, 11937, 112, -400, -1408, 0
493, 11956, 208, -336, -1472, 0
494, 11997, -16, -528, -1456, 1
495, 12017, 96, -368, -1472, 0
496, 12036, 192, -256, -1392, 0
497, 12053, 160, -304, -1376, 0
498, 12071, 96, -576, -1456, 0
499, 12090, 144, -496, -1440, 0
500, 12108, 288, -432, -1408, 0
501, 12126, 144, -592, -1472, 0
502, 12144, 240, -656, -1536, 0
503, 12163, 128, -272, -1440, 0
504, 12180, 256, -64, -1488, 0
505, 12205, 400, -128, -1424, 0
506, 12224, 416, -320, -1440, 0
507, 12242, 368, -480, -1456, 0
508, 12262, 320, -432, -1424, 0
509, 12280, 272, -368, -1408, 0
510, 12299, 208, -400, -1456, 0
511, 12318, 176, -432, -1504, 0
512, 12337, 224, -368, -1424, 0
513, 12356, 416, -240, -1376, 0
514, 12375, 640, -1152, -1280, 0
515, 12408, 176, -528, -1392, 0
516, 12427, 160, -416, -1392, 0
517, 12470, 496, -688, -1440, 1
518, 12490, 432, -624, -1536, 0
519, 12510, 496, -336, -1552, 0
520, 12528, 480, -352, -1568, 0
521, 12552, 432, -576, -1504, 0
522, 12570, 496, -768, -1472, 0
523, 12590, 416, -432, -1472, 0
524, 12609, 416, -144, -1488, 0
525, 12627, 464, -320, -1440, 0
526, 12647, 496, -416, -1360, 0
527, 12666, 448, -544, -1328, 0
528, 12685, 320, -496, -1392, 0
529, 12704, 336, -336, -1392, 0
530, 12724, 192, -304, -1456, 0
531, 12742, 448, -144, -1536, 0
532, 12762, 432, 32, -1504, 0
533, 12780, 448, -16, -1424, 0
534, 12800, 224, 112, -1408, 0
535, 12819, 288, -16, -1536, 0
536, 12837, 400, -384, -1472, 0
537, 12855, 272, -288, -1648, 0
538, 12874, 352, -96, -1568, 0
539, 12894, 304, -320, -1440, 0
540, 12936, 336, -208, -1552, 1
541, 12957, 432, -272, -1552, 0
542, 12977, 384, -144, -1488, 0
543, 13007, 208, -128, -1504, 1
544, 13029, 192, -96, -1536, 0
545, 13048, 192, -208, -1504, 0
546, 13067, 320, -240, -1504, 0
547, 13086, 112, -208, -1520, 0
548, 13106, 240, -272, -1536, 0
549, 13124, 256, -304, -1408, 0
550, 13144, 192, -416, -1456, 0
551, 13163, 224, -608, -1376, 0
552, 13187, 224, -592, -1376, 0
553, 13205, 176, -608, -1408, 0
554, 13224, 224, -560, -1456, 0
555, 13244, 272, -480, -1424, 0
556, 13262, 224, -576, -1488, 0
557, 13282, 192, -608, -1440, 0
558, 13301, 208, -464, -1472, 0
559, 13320, 192, -432, -1520, 0
560, 13339, 208, -368, -1504, 0
561, 13359, 144, -256, -1472, 0
562, 13378, -16, -272, -1584, 0
563, 13421, 480, -592, -1584, 1
564, 13443, 240, -592, -1376, 0
565, 13462, 320, -704, -1520, 0
566, 13481, 208, -624, -1344, 0
567, 13500, 96, -432, -1328, 0
568, 13523, 320, -560, -1376, 1
569, 13543, 352, -400, -1344, 0
570, 13562, 272, -432, -1328, 0
571, 13581, 240, -416, -1392, 0
572, 13616, 224, -336, -1392, 0
573, 13634, 224, -320, -1424, 0
574, 13654, 272, -368, -1440, 0
575, 13673, 256, -304, -1408, 0
576, 13691, 224, -432, -1408, 0
577, 13711, 176, -480, -1472, 0
578, 13730, 288, -464, -1392, 0
579, 13749, 272, -448, -1424, 0
580, 13768, 240, -368, -1376, 0
581, 13788, 352, -272, -1440, 0
582, 13806, 272, -304, -1456, 0
583, 13831, 384, -448, -1472, 1
584, 13849, 304, -384, -1520, 0
585, 13869, 240, -416, -1504, 0
586, 13912, 112, -416, -1488, 1
587, 13934, 80, -368, -1472, 0
588, 13953, -16, -352, -1456, 0
589, 13972, 128, -368, -1456, 0
590, 13991, 240, -400, -1360, 0
591, 14011, 272, -416, -1376, 0
592, 14029, 176, -336, -1376, 0
593, 14049, 112, -224, -1440, 0
594, 14068, 80, -192, -1392, 0
595, 14088, 240, -176, -1280, 0
596, 14106, 256, -192, -1440, 0
597, 14126, 240, -64, -1376, 0
598, 14145, 256, -48, -1392, 0
599, 14169, 176, -64, -1424, 0
600, 14200, 368, -384, -1456, 1
601, 14222, 416, -384, -1408, 0
602, 14241, 208, -304, -1456, 0
603, 14261, 160, -304, -1456, 0
604, 14279, 240, -208, -1440, 0
605, 14299, 320, -432, -1472, 0
606, 14318, 496, -672, -1504, 0
607, 14338, 240, -656, -1360, 0
608, 14356, 112, -512, -1424, 0
609, 14399, 192, -592, -1344, 1
610, 14420, -80, -592, -1424, 1
611, 14440, 112, -688, -1168, 0
612, 14459, 416, -528, -1216, 0
613, 14479, 480, -560, -1264, 0
614, 14502, 544, -576, -1248, 0
615, 14522, 448, -464, -1296, 0
616, 14541, 496, -624, -1216, 0
617, 14561, 688, -912, -1168, 0
618, 14579, 688, -768, -1184, 0
619, 14599, 592, -608, -1024, 0
620, 14618, 640, -848, -1040, 0
621, 14638, 656, -992, -896, 0
622, 14657, 688, -1120, -864, 0
623, 14675, 912, -1280, -1040, 0
624, 14695, 880, -1312, -832, 0
625, 14714, 832, -1392, -832, 0
626, 14734, 880, -1712, -768, 0
627, 14753, 768, -1680, -864, 0
628, 14773, 544, -1360, -976, 0
629, 14803, 640, -1216, -880, 1
630, 14830, 608, -1120, -848, 0
631, 14850, 544, -1072, -896, 0
632, 14893, 336, -688, -1024, 1
633, 14914, 320, -832, -1024, 0
634, 14934, 288, -688, -976, 0
635, 14953, 416, -848, -960, 0
636, 14972, 704, -1408, -816, 0
637, 14992, 896, -1552, -848, 0
638, 15010, 496, -1072, -880, 0
639, 15030, 528, -832, -896, 0
640, 15049, 304, -912, -976, 0
641, 15069, 432, -1040, -960, 0
642, 15088, 480, -1264, -896, 0
643, 15107, 704, -1360, -928, 0
644, 15126, 544, -1040, -960, 0
645, 15151, 336, -896, -960, 1
646, 15169, 368, -1024, -960, 0
647, 15188, 352, -976, -928, 0
648, 15208, 256, -976, -960, 0
649, 15227, 160, -1040, -1024, 0
650, 15247, 224, -896, -1024, 0
651, 15266, 240, -864, -1024, 0
652, 15285, 304, -848, -1024, 0
653, 15304, 400, -928, -1024, 0
654, 15324, 368, -1024, -960, 0
655, 15368, 448, -1056, -992, 1
656, 15389, 320, -960, -1024, 0
657, 15421, 128, -880, -1104, 1
658, 15442, 160, -912, -1072, 0
659, 15462, 288, -1040, -1040, 0
660, 15481, 368, -1056, -960, 0
661, 15505, 304, -976, -1008, 0
662, 15524, 320, -912, -1024, 0
663, 15544, 304, -864, -1040, 0
664, 15563, 336, -864, -992, 0
665, 15582, 320, -912, -992, 0
666, 15601, 272, -912, -1008, 0
667, 15621, 256, -1008, -960, 0
668, 15640, 256, -1024, -768, 0
669, 15660, 336, -1072, -976, 0
670, 15679, 288, -992, -928, 0
671, 15697, 272, -1104, -976, 0
672, 15717, 304, -960, -1024, 0
673, 15736, 416, -896, -1024, 0
674, 15756, 496, -944, -1136, 0
675, 15775, 432, -1072, -1024, 0
676, 15795, 400, -928, -1104, 0
677, 15818, 400, -1024, -1104, 1
678, 15862, 288, -1008, -1088, 1
679, 15884, 16, -1168, -992, 0
680, 15903, -16, -1136, -1008, 0
681, 15923, -144, -1072, -960, 0
682, 15941, -16, -992, -960, 0
683, 15961, 352, -864, -928, 0
684, 15980, 512, -816, -1024, 0
685, 16000, 800, -912, -1024, 0
686, 16033, 336, -1072, -1104, 1
687, 16053, 240, -1136, -960, 0
688, 16072, 320, -1184, -944, 0
689, 16091, 176, -976, -1024, 0
690, 16110, 32, -1040, -1008, 0
691, 16130, 144, -1136, -992, 0
692, 16153, 288, -1120, -1024, 0
693, 16173, 240, -992, -960, 0
694, 16192, 112, -1040, -928, 0
695, 16211, 144, -1072, -992, 0
696, 16230, 144, -1072, -992, 0
697, 16249, -16, -928, -944, 0
698, 16269, -16, -1136, -1040, 0
699, 16288, -128, -1232, -928, 0
700, 16307, 128, -1040, -960, 0
701, 16350, 32, -944, -960, 1
702, 16371, -16, -848, -896, 0
703, 16391, -96, -1040, -912, 0
704, 16409, 112, -1040, -960, 0
705, 16429, 80, -1072, -1008, 0
706, 16448, 96, -1024, -1104, 0
707, 16467, 272, -976, -1056, 0
708, 16491, 64, -1088, -1008, 1
709, 16510, -32, -976, -960, 0
710, 16530, 160, -1056, -912, 0
711, 16549, 384, -768, -1104, 0
712, 16569, 80, -960, -976, 0
713, 16587, -352, -1040, -896, 0
714, 16619, 176, -1200, -1072, 0
715, 16642, -272, -1200, -976, 0
716, 16660, -272, -944, -992, 0
717, 16679, -16, -1088, -1024, 0
718, 16699, 0, -1056, -992, 1
719, 16718, 240, -848, -1088, 0
720, 16738, 64, -992, -1024, 0
721, 16757, -16, -1104, -992, 0
722, 16776, 240, -1040, -1024, 0
723, 16800, 256, -992, -1024, 0
724, 16843, -144, -1184, -912, 1
725, 16865, 96, -1056, -896, 0
726, 16884, 48, -992, -832, 0
727, 16904, -16, -1152, -800, 0
728, 16923, 208, -1120, -656, 0
729, 16943, -16, -1280, -736, 0
730, 16962, -160, -1360, -832, 0
731, 16980, -304, -1168, -912, 0
732, 17000, -400, -1088, -816, 0
733, 17019, -464, -960, -736, 0
734, 17039, -32, -1120, -784, 0
735, 17058, -16, -1120, -832, 0
736, 17078, -192, -1104, -768, 0
737, 17097, -368, -928, -720, 0
738, 17117, 288, -1472, -768, 0
739, 17139, -112, -1440, -736, 1
740, 17159, -752, -928, -736, 0
741, 17178, -1168, -720, -672, 0
742, 17197, -928, -1120, -640, 0
743, 17216, -592, -1184, -560, 0
744, 17247, -112, -1136, -640, 0
745, 17267, -64, -1200, -624, 0
746, 17286, -128, -1104, -784, 0
747, 17328, -528, -1120, -848, 1
748, 17349, -160, -1184, -800, 0
749, 17367, -96, -1248, -720, 0
750, 17385, -128, -1200, -768, 0
751, 17403, -368, -1168, -816, 0
752, 17422, -304, -1136, -784, 0
753, 17440, -432, -1152, -768, 0
754, 17463, -512, -1232, -640, 0
755, 17482, -368, -1104, -704, 0
756, 17503, -288, -1136, -720, 0
757, 17522, -352, -1136, -736, 0
758, 17542, -304, -1136, -688, 1
759, 17562, -352, -1072, -656, 0
760, 17582, -288, -1152, -720, 0
761, 17601, -112, -1200, -768, 0
762, 17620, -176, -1152, -704, 0
763, 17641, -176, -1104, -784, 0
764, 17660, -256, -1088, -848, 0
765, 17680, -176, -1040, -768, 0
766, 17700, -208, -1104, -720, 0
767, 17720, -416, -1072, -704, 0
768, 17739, -336, -1056, -720, 0
769, 17764, -176, -1168, -752, 0
770, 17808, -528, -1248, -720, 1
771, 17830, -288, -1472, -592, 1
772, 17851, -368, -1296, -624, 0
773, 17870, -528, -1232, -784, 0
774, 17891, -352, -1216, -704, 0
775, 17927, -208, -1232, -624, 1
776, 17946, -272, -1248, -672, 0
777, 17967, -304, -1232, -656, 0
778, 17986, -288, -1200, -672, 0
779, 18007, -336, -1120, -656, 0
780, 18027, -272, -1200, -608, 0
781, 18046, -304, -1168, -656, 0
782, 18067, -208, -1232, -704, 0
783, 18086, -272, -1232, -672, 0
784, 18112, -224, -1104, -640, 0
785, 18131, -192, -1168, -688, 0
786, 18152, -208, -1168, -640, 0
787, 18171, -336, -1264, -704, 0
788, 18192, -336, -1296, -656, 0
789, 18212, -384, -1152, -624, 1
790, 18232, -352, -1168, -640, 0
791, 18252, -224, -1136, -688, 0
792, 18273, -208, -1152, -672, 0
793, 18316, -272, -1136, -752, 1
794, 18339, -208, -1184, -704, 0
795, 18359, -176, -1152, -752, 0
796, 18379, -192, -1184, -720, 0
797, 18400, -192, -1152, -736, 0
798, 18419, -208, -1200, -688, 0
799, 18444, -240, -1168, -672, 1
800, 18464, -224, -1168, -704, 0
801, 18484, -256, -1104, -672, 0
802, 18504, -240, -1152, -736, 0
803, 18537, -224, -1264, -704, 0
804, 18560, -272, -1200, -720, 1
805, 18579, -288, -1216, -672, 0
806, 18599, -128, -1200, -736, 0
807, 18619, -128, -1280, -704, 0
808, 18639, -224, -1168, -768, 0
809, 18660, -272, -1216, -784, 0
810, 18679, -240, -1232, -752, 0
811, 18700, -144, -1104, -768, 0
812, 18719, -64, -1232, -752, 0
813, 18740, -128, -1184, -720, 0
814, 18764, -256, -1216, -736, 0
815, 18784, -272, -1200, -736, 0
816, 18828, -80, -1104, -736, 1
817, 18850, -288, -1104, -704, 0
818, 18870, -272, -1152, -688, 0
819, 18890, -224, -1152, -672, 0
820, 18910, -272, -1136, -720, 0
821, 18930, -320, -1088, -704, 0
822, 18950, -208, -1120, -704, 0
823, 18970, -112, -1232, -720, 0
824, 18991, -256, -1200, -752, 0
825, 19010, -256, -1168, -784, 0
826, 19031, -320, -1152, -816, 0
827, 19050, -336, -1168, -720, 0
828, 19070, -176, -1152, -800, 0
829, 19095, -192, -1216, -832, 1
830, 19115, -336, -1168, -704, 0
831, 19135, -288, -1168, -880, 0
832, 19170, -272, -1136, -784, 1
833, 19190, -208, -1200, -752, 0
834, 19210, -256, -1216, -752, 0
835, 19230, -208, -1104, -768, 0
836, 19250, -160, -1104, -752, 0
837, 19270, -320, -896, -752, 0
838, 19290, -384, -1136, -688, 0
839, 19335, -96, -1392, -608, 1
840, 19357, -96, -1328, -688, 0
841, 19378, 0, -1296, -848, 0
842, 19397, -80, -1200, -736, 0
843, 19418, -112, -1024, -656, 0
844, 19442, -144, -1264, -752, 1
845, 19463, -240, -1360, -736, 0
846, 19482, -320, -1232, -720, 0
847, 19503, -256, -1104, -656, 0
848, 19523, -224, -976, -704, 0
849, 19543, -288, -1040, -864, 0
850, 19563, -208, -1136, -688, 0
851, 19584, -144, -1184, -768, 0
852, 19603, -80, -1312, -704, 0
853, 19623, -176, -1200, -512, 0
854, 19644, -352, -1104, -752, 0
855, 19663, -400, -1136, -736, 0
856, 19684, -416, -1008, -736, 0
857, 19704, -288, -1056, -800, 0
858, 19725, -192, -1040, -640, 1
859, 19744, -96, -1136, -656, 0
860, 19782, -224, -1152, -656, 1
861, 19805, -144, -1168, -640, 0
862, 19848, -48, -1248, -848, 1
863, 19871, -192, -1168, -800, 0
864, 19892, -304, -1168, -640, 0
865, 19911, -496, -1088, -512, 0
866, 19932, -368, -1248, -656, 0
867, 19952, -272, -1232, -768, 0
868, 19972, -320, -1200, -608, 0
869, 19992, -352, -1168, -656, 0
870, 20013, -336, -1136, -656, 1
871, 20032, -400, -1248, -480, 0
872, 20052, -512, -1200, -496, 0
873, 20073, -368, -1088, -800, 0
874, 20093, -256, -1136, -784, 0
875, 20118, -656, -1088, -592, 0
876, 20139, -464, -1200, -448, 0
877, 20158, -368, -1232, -640, 0
878, 20178, -432, -1104, -704, 0
879, 20199, -624, -1040, -576, 0
880, 20218, -704, -1056, -496, 0
881, 20239, -528, -1104, -544, 0
882, 20259, -480, -1024, -688, 0
883, 20280, -544, -1184, -544, 0
884, 20299, -592, -1120, -512, 1
885, 20344, -544, -1152, -576, 1
886, 20367, -560, -1232, -560, 0
887, 20387, -592, -1200, -576, 0
888, 20407, -528, -1088, -592, 0
889, 20443, -544, -1088, -512, 1
890, 20467, -448, -1168, -512, 0
891, 20487, -432, -1216, -496, 0
892, 20507, -480, -1152, -576, 0
893, 20528, -496, -1024, -608, 0
894, 20547, -464, -1040, -528, 0
895, 20568, -368, -1328, -480, 1
896, 20588, -592, -1120, -560, 0
897, 20608, -608, -1040, -640, 0
898, 20628, -624, -1168, -608, 0
899, 20647, -512, -1296, -560, 0
900, 20668, -528, -1200, -512, 0
901, 20688, -464, -1136, -640, 0
902, 20708, -464, -1200, -640, 0
903, 20728, -480, -1136, -480, 0
904, 20749, -576, -1136, -512, 0
905, 20773, -560, -1168, -496, 0
906, 20794, -480, -1136, -592, 0
907, 20813, -400, -1264, -624, 0
908, 20858, -448, -1120, -608, 1
909, 20881, -464, -1200, -624, 0
910, 20901, -528, -1168, -576, 0
911, 20921, -560, -1104, -656, 0
912, 20941, -464, -1200, -512, 0
913, 20962, -576, -1296, -576, 0
914, 20982, -592, -1104, -576, 0
915, 21002, -608, -944, -656, 0
916, 21022, -528, -1072, -608, 0
917, 21055, -544, -1104, -656, 1
918, 21078, -624, -1040, -608, 0
919, 21098, -736, -1072, -656, 0
920, 21123, -784, -912, -752, 1
921, 21143, -672, -912, -848, 0
922, 21163, -576, -1056, -672, 0
923, 21183, -656, -1056, -720, 0
924, 21203, -720, -912, -816, 0
925, 21224, -864, -832, -784, 0
926, 21243, -880, -880, -704, 0
927, 21264, -912, -832, -704, 0
928, 21284, -944, -816, -672, 0
929, 21304, -784, -912, -704, 0
930, 21324, -704, -960, -704, 0
931, 21368, -736, -944, -720, 1
932, 21391, -784, -928, -672, 1
933, 21411, -720, -992, -688, 0
934, 21431, -608, -1040, -672, 0
935, 21456, -576, -1072, -720, 0
936, 21476, -752, -896, -704, 0
937, 21496, -784, -1056, -672, 0
938, 21517, -752, -944, -624, 0
939, 21537, -752, -1072, -656, 0
940, 21557, -640, -1040, -656, 0
941, 21577, -752, -896, -656, 0
942, 21598, -736, -1040, -576, 0
943, 21618, -752, -1040, -656, 0
944, 21638, -720, -1040, -640, 0
945, 21658, -704, -992, -656, 0
946, 21694, -784, -960, -688, 1
947, 21713, -768, -976, -688, 0
948, 21734, -592, -1104, -720, 0
949, 21754, -688, -1088, -704, 0
950, 21775, -800, -928, -688, 1
951, 21792, -752, -1040, -720, 0
952, 21813, -704, -1040, -656, 0
953, 21833, -640, -960, -688, 0
954, 21877, -720, -896, -720, 1
955, 21900, -736, -1104, -672, 0
956, 21920, -784, -1040, -720, 0
957, 21940, -768, -1008, -624, 0
958, 21960, -752, -960, -656, 0
959, 21981, -720, -1040, -704, 0
960, 22001, -704, -976, -688, 0
961, 22021, -704, -992, -656, 0
962, 22041, -736, -960, -672, 0
963, 22062, -640, -992, -624, 1
964, 22081, -640, -1040, -784, 0
965, 22102, -720, -944, -688, 0
966, 22127, -704, -1040, -720, 0
967, 22147, -624, -1040, -688, 0
968, 22167, -512, -1040, -688, 0
969, 22188, -816, -992, -656, 0
970, 22208, -784, -1040, -656, 0
971, 22228, -688, -1024, -688, 0
972, 22248, -704, -992, -624, 0
973, 22268, -688, -944, -672, 0
974, 22289, -752, -944, -640, 0
975, 22324, -720, -1040, -688, 1
976, 22344, -592, -1104, -672, 0
977, 22388, -624, -976, -672, 1
978, 22411, -640, -1072, -640, 0
979, 22431, -608, -1072, -656, 0
980, 22452, -576, -1008, -720, 0
981, 22474, -640, -960, -704, 0
982, 22493, -656, -960, -736, 0
983, 22511, -624, -1040, -704, 0
984, 22530, -448, -1104, -704, 0
985, 22547, -544, -1104, -688, 0
986, 22565, -624, -1104, -640, 0
987, 22584, -784, -976, -656, 0
988, 22602, -672, -1024, -656, 0
989, 22621, -592, -1072, -640, 0
990, 22638, -592, -1088, -656, 0
991, 22657, -608, -1040, -640, 0
992, 22675, -672, -1040, -672, 0
993, 22693, -736, -1040, -704, 0
994, 22712, -656, -1040, -688, 0
995, 22731, -560, -1120, -608, 0
996, 22772, -592, -1088, -576, 1
997, 22792, -672, -1040, -576, 0
998, 22810, -704, -1072, -576, 0
999, 22856, -608, -1040, -656, 1
1000, 22875, -576, -1120, -624, 0
1001, 22894, -656, -1072, -512, 0
1002, 22913, -736, -1040, -576, 0
1003, 22932, -800, -928, -576, 0
1004, 22951, -736, -960, -624, 0
1005, 22970, -736, -976, -560, 0
1006, 23004, -1152, -912, -704, 1
1007, 23022, -464, -1136, -656, 0
1008, 23042, -448, -1264, -560, 0
1009, 23061, -624, -1088, -512, 0
1010, 23079, -784, -960, -448, 0
1011, 23103, -768, -992, -512, 0
1012, 23122, -848, -1040, -512, 0
1013, 23142, -736, -1056, -512, 0
1014, 23160, -672, -1040, -576, 0
1015, 23180, -672, -976, -512, 0
1016, 23199, -720, -1056, -592, 0
1017, 23219, -704, -1152, -560, 0
1018, 23238, -736, -1136, -528, 0
1019, 23257, -720, -1088, -656, 0
1020, 23276, -752, -960, -544, 0
1021, 23320, -656, -1008, -512, 1
1022, 23343, -720, -944, -576, 0
1023, 23362, -640, -912, -576, 0
1024, 23382, -704, -1040, -576, 0
1025, 23400, -576, -1056, -592, 0
1026, 23425, -720, -1040, -592, 1
1027, 23444, -688, -976, -576, 0
1028, 23462, -688, -1072, -560, 0
1029, 23482, -640, -1232, -528, 0
1030, 23501, -672, -1264, -560, 0
1031, 23521, -672, -1136, -528, 0
1032, 23540, -720, -992, -576, 0
1033, 23560, -592, -1072, -544, 0
1034, 23591, -640, -1200, -496, 0
1035, 23613, -784, -912, -512, 1
1036, 23632, -848, -928, -576, 0
1037, 23652, -848, -1088, -496, 0
1038, 23670, -880, -1136, -512, 0
1039, 23690, -688, -1136, -624, 0
1040, 23709, -720, -1040, -512, 0
1041, 23733, -784, -912, -656, 0
1042, 23752, -976, -784, -720, 0
1043, 23772, -1120, -688, -720, 0
1044, 23818, -1072, -672, -768, 1
1045, 23837, -1008, -768, -720, 0
1046, 23857, -960, -720, -704, 0
1047, 23876, -1072, -864, -720, 0
1048, 23896, -896, -896, -720, 0
1049, 23915, -816, -928, -752, 0
1050, 23934, -880, -944, -640, 0
1051, 23954, -928, -848, -672, 0
1052, 23972, -736, -832, -800, 0
1053, 23992, -512, -944, -800, 0
1054, 24011, -336, -1184, -848, 0
1055, 24035, -400, -800, -864, 1
1056, 24054, 336, -224, -928, 0
1057, 24074, 240, -1360, -768, 0
1058, 24093, -48, -1168, -944, 0
1059, 24113, -448, -1072, -896, 0
1060, 24132, -784, -624, -1040, 0
1061, 24152, -512, -864, -1072, 0
1062, 24170, -464, -864, -848, 0
1063, 24205, -288, -1056, -848, 0
1064, 24224, -160, -1280, -704, 0
1065, 24244, -400, -1248, -848, 0
1066, 24288, -368, -928, -880, 1
1067, 24309, -128, -1168, -1024, 0
1068, 24329, -256, -1296, -832, 0
1069, 24348, -432, -1280, -768, 0
1070, 24372, -672, -1168, -704, 0
1071, 24391, -896, -944, -752, 0
1072, 24411, -896, -960, -1024, 0
1073, 24430, -720, -896, -864, 0
1074, 24449, -592, -944, -752, 0
1075, 24468, -448, -1392, -816, 0
1076, 24487, 320, -1296, -1072, 0
1077, 24507, -288, -1104, -800, 0
1078, 24526, -144, -1184, -864, 0
1079, 24546, -16, -1296, -848, 0
1080, 24565, -128, -960, -1088, 0
1081, 24585, -128, -912, -1088, 0
1082, 24604, -240, -992, -832, 0
1083, 24623, -144, -992, -832, 0
1084, 24642, -32, -1040, -944, 0
1085, 24667, -96, -960, -1024, 0
1086, 24686, -128, -880, -1008, 0
1087, 24705, -64, -1040, -928, 0
1088, 24724, -528, -1040, -960, 0
1089, 24770, -112, -1136, -1072, 1
1090, 24791, 16, -1120, -992, 0
1091, 24825, -48, -1040, -1104, 1
1092, 24844, -176, -976, -1200, 0
1093, 24863, -208, -784, -1008, 0
1094, 24883, 80, -1040, -1120, 0
1095, 24902, 224, -1120, -976, 0
1096, 24922, 384, -1056, -1136, 0
1097, 24941, 368, -1008, -1200, 0
1098, 24961, 144, -752, -1072, 0
1099, 24980, 512, -1424, -896, 0
1100, 25004, 400, -896, -1008, 0
1101, 25023, 384, -864, -960, 0
1102, 25042, 112, -992, -1008, 0
1103, 25062, 208, -1040, -1120, 0
1104, 25081, 144, -880, -1184, 0
1105, 25101, 96, -864, -1120, 0
1106, 25120, 32, -864, -1120, 0
1107, 25140, 48, -848, -1088, 0
1108, 25159, -16, -976, -1088, 0
1109, 25179, -16, -1040, -1088, 0
1110, 25198, 144, -976, -1120, 0
1111, 25242, 176, -896, -1184, 1
1112, 25264, 192, -1008, -1104, 0
1113, 25283, 80, -912, -1088, 0
1114, 25303, 112, -880, -1072, 0
1115, 25326, 80, -848, -1136, 0
1116, 25346, 64, -768, -1104, 0
1117, 25365, 48, -1056, -1120, 0
1118, 25384, -96, -1008, -1152, 0
1119, 25416, 48, -864, -1168, 1
1120, 25439, -16, -976, -1120, 0
1121, 25457, -16, -848, -1024, 0
1122, 25477, 64, -1040, -1088, 0
1123, 25496, 128, -896, -1072, 0
1124, 25516, 48, -1040, -1104, 0
1125, 25535, 80, -976, -1088, 0
1126, 25554, 112, -896, -1056, 0
1127, 25574, 176, -976, -1088, 0
1128, 25593, -912, -736, -1328, 0
1129, 25613, -144, -928, -1168, 0
1130, 25636, 272, -768, -1152, 0
1131, 25656, -80, -1040, -1136, 0
1132, 25675, -16, -1040, -1168, 0
1133, 25695, 208, -1088, -1104, 0
1134, 25742, -128, -816, -1232, 1
1135, 25761, 160, -1008, -1088, 0
1136, 25781, 96, -944, -1200, 0
1137, 25800, 32, -912, -1152, 0
1138, 25820, 16, -832, -1168, 0
1139, 25839, -16, -752, -1104, 0
1140, 25858, 112, -1040, -1024, 0
1141, 25877, 32, -944, -1232, 0
1142, 25896, -48, -864, -1200, 0
1143, 25916, -272, -832, -1184, 0
1144, 25935, -48, -864, -1216, 0
1145, 25960, -16, -864, -1152, 0
1146, 25979, -16, -880, -1120, 0
1147, 25999, -16, -912, -1136, 0
1148, 26033, 0, -928, -1184, 1
1149, 26052, -32, -832, -1232, 0
1150, 26072, 96, -944, -1200, 0
1151, 26091, 96, -976, -1184, 0
1152, 26110, -32, -784, -1248, 0
1153, 26130, -32, -832, -1216, 0
1154, 26149, 64, -848, -1232, 0
1155, 26169, 128, -928, -1168, 0
1156, 26213, 48, -800, -1216, 1
1157, 26234, 64, -864, -1200, 0
1158, 26254, 112, -944, -1216, 0
1159, 26273, 80, -976, -1168, 0
1160, 26298, 128, -816, -1200, 1
1161, 26317, 112, -864, -1152, 0
1162, 26336, 112, -816, -1168, 0
1163, 26355, 112, -784, -1232, 0
1164, 26375, 32, -816, -1200, 0
1165, 26394, -16, -864, -1264, 0
1166, 26414, 32, -880, -1248, 0
1167, 26433, -32, -768, -1296, 0
1168, 26452, -16, -880, -1248, 0
1169, 26472, -16, -848, -1168, 0
1170, 26491, -80, -816, -1264, 0
1171, 26511, -32, -832, -1248, 0
1172, 26530, 16, -832, -1232, 0
1173, 26550, 128, -1040, -1152, 0
1174, 26569, 192, -944, -1232, 0
1175, 26593, 144, -880, -1216, 0
1176, 26626, 160, -880, -1184, 1
1177, 26647, 208, -880, -1120, 0
1178, 26667, 16, -816, -1200, 0
1179, 26713, 48, -736, -1200, 1
1180, 26732, 48, -896, -1248, 0
1181, 26752, -16, -848, -1168, 0
1182, 26771, 32, -832, -1136, 0
1183, 26790, 32, -800, -1152, 0
1184, 26810, 48, -832, -1152, 0
1185, 26829, -32, -864, -1168, 0
1186, 26849, -48, -880, -1216, 0
1187, 26868, 48, -1040, -1216, 0
1188, 26888, 48, -976, -1184, 0
1189, 26907, 96, -1040, -1232, 0
1190, 26927, 80, -976, -1184, 0
1191, 26950, 112, -960, -1136, 1
1192, 26970, 96, -880, -1136, 0
1193, 26989, 112, -864, -1216, 0
1194, 27009, 64, -912, -1152, 0
1195, 27028, -16, -848, -1184, 0
1196, 27047, 48, -880, -1152, 0
1197, 27067, -32, -832, -1200, 0
1198, 27086, 128, -896, -1152, 0
1199, 27106, -16, -912, -1232, 0
1200, 27125, -16, -896, -1168, 0
1201, 27170, 160, -912, -1216, 1
1202, 27192, 112, -880, -1120, 0
1203, 27211, 96, -896, -1136, 0
1204, 27231, 64, -880, -1184, 0
1205, 27281, 64, -848, -1264, 1
1206, 27307, 32, -880, -1264, 0
1207, 27325, 16, -912, -1184, 0
1208, 27344, 96, -976, -1200, 0
1209, 27364, 64, -1040, -1184, 0
1210, 27383, 16, -912, -1152, 0
1211, 27403, 128, -848, -1152, 0
1212, 27422, 176, -832, -1168, 0
1213, 27442, 144, -848, -1184, 0
1214, 27461, 176, -800, -1152, 0
1215, 27481, 112, -880, -1120, 0
1216, 27500, 144, -880, -1264, 0
1217, 27520, 0, -976, -1216, 0
1218, 27539, 128, -864, -1184, 0
1219, 27558, 208, -784, -1248, 0
1220, 27578, 192, -880, -1136, 0
1221, 27600, 128, -832, -1168, 1
1222, 27619, 80, -992, -1232, 0
1223, 27637, 160, -800, -1312, 0
1224, 27683, 272, -608, -1024, 1
1225, 27702, 256, -1120, -1264, 0
1226, 27720, 256, -880, -1168, 0
1227, 27739, 144, -848, -1264, 0
1228, 27757, 224, -800, -1152, 0
1229, 27776, 240, -800, -1200, 0
1230, 27794, 176, -816, -1264, 0
1231, 27811, 32, -800, -1312, 0
1232, 27830, 64, -768, -1232, 0
1233, 27848, 192, -736, -1168, 0
1234, 27868, 224, -848, -1232, 0
1235, 27886, 192, -896, -1216, 0
1236, 27922, 176, -896, -1184, 0
1237, 27944, 176, -880, -1264, 1
1238, 27964, 176, -864, -1200, 0
1239, 27984, 288, -880, -1152, 0
1240, 28004, 240, -880, -1248, 0
1241, 28023, 176, -928, -1216, 0
1242, 28044, 224, -896, -1168, 0
1243, 28063, 320, -800, -1120, 0
1244, 28083, 272, -784, -1040, 0
1245, 28103, 256, -800, -1184, 0
1246, 28148, 144, -784, -1280, 1
1247, 28171, 176, -816, -1248, 0
1248, 28190, 192, -752, -1232, 0
1249, 28210, 192, -832, -1264, 0
1250, 28230, 288, -832, -1200, 0
1251, 28255, 160, -880, -1280, 1
1252, 28274, 176, -848, -1248, 0
1253, 28295, 224, -864, -1184, 0
1254, 28315, 304, -784, -1136, 0
1255, 28335, 288, -704, -1152, 0
1256, 28355, 112, -784, -1248, 0
1257, 28376, 160, -816, -1248, 0
1258, 28396, 208, -880, -1248, 0
1259, 28416, 160, -784, -1248, 0
1260, 28436, 64, -736, -1296, 0
1261, 28456, 64, -848, -1264, 0
1262, 28476, 96, -912, -1200, 0
1263, 28496, 176, -992, -1232, 0
1264, 28517, 240, -1008, -1232, 0
1265, 28549, 144, -864, -1264, 1
1266, 28571, 128, -736, -1312, 0
1267, 28596, 48, -672, -1216, 1
1268, 28616, -16, -704, -1168, 0
1269, 28663, 128, -704, -1152, 1
1270, 28684, 160, -864, -1216, 0
1271, 28704, 96, -1216, -1328, 0
1272, 28724, 224, -1088, -1248, 0
1273, 28744, 144, -912, -1200, 0
1274, 28764, 208, -784, -1168, 0
1275, 28784, 160, -592, -1200, 0
1276, 28805, 256, -720, -1136, 0
1277, 28824, 224, -672, -1120, 0
1278, 28845, 304, -784, -1168, 0
1279, 28865, 288, -784, -1216, 0
1280, 28884, 240, -944, -1216, 1
1281, 28905, 176, -864, -1264, 0
1282, 28930, 208, -864, -1264, 0
1283, 28950, 336, -1056, -1152, 0
1284, 28971, 208, -880, -1216, 0
1285, 28990, 288, -816, -1184, 0
1286, 29010, 400, -832, -1248, 0
1287, 29031, 448, -880, -1136, 0
1288, 29051, 144, -624, -1328, 0
1289, 29071, 432, -1152, -912, 0
1290, 29091, -16, -688, -1200, 0
1291, 29136, 304, -672, -1296, 1
1292, 29159, 288, -752, -1296, 0
1293, 29192, 208, -624, -1216, 1
1294, 29214, 320, -640, -1264, 0
1295, 29234, 368, -512, -1200, 0
1296, 29254, 336, -1040, -1184, 0
1297, 29279, 336, -992, -1200, 0
1298, 29299, 432, -960, -1216, 0
1299, 29320, 464, -880, -1120, 0
1300, 29340, 432, -944, -1136, 0
1301, 29360, 368, -832, -1168, 0
1302, 29380, 496, -1200, -1008, 0
1303, 29401, 224, -656, -1312, 0
1304, 29421, 384, -768, -1296, 0
1305, 29441, 256, -912, -1216, 1
1306, 29461, 144, -912, -1152, 0
1307, 29481, 224, -816, -1168, 0
1308, 29501, 208, -800, -1232, 0
1309, 29521, 224, -736, -1200, 0
1310, 29542, 304, -736, -1200, 0
1311, 29562, 320, -640, -1248, 0
1312, 29587, 368, -816, -1200, 0
1313, 29606, 352, -848, -1216, 0
1314, 29655, 352, -752, -1248, 1
1315, 29675, 288, -704, -1232, 0
1316, 29696, 320, -816, -1296, 0
1317, 29715, 224, -848, -1184, 0
1318, 29735, 336, -848, -1200, 0
1319, 29756, 352, -848, -1232, 0
1320, 29776, 400, -880, -1200, 0
1321, 29796, 304, -800, -1248, 0
1322, 29832, 320, -672, -1232, 1
1323, 29852, 288, -784, -1264, 0
1324, 29872, 400, -816, -1264, 0
1325, 29892, 432, -864, -1200, 0
1326, 29913, 352, -784, -1248, 0
1327, 29937, 272, -784, -1264, 0
1328, 29958, 304, -800, -1232, 0
1329, 29978, 320, -752, -1232, 0
1330, 29998, 336, -880, -1216, 1
1331, 30018, 336, -800, -1152, 0
1332, 30039, 304, -784, -1184, 0
1333, 30059, 304, -704, -1168, 0
1334, 30080, 368, -736, -1088, 0
1335, 30099, 336, -768, -1168, 0
Datenlogger_Rakete_v6 wurde gestartet.
Entgegen des Willens von Apple und Arduino.
Ihr Luschen gehoert auf angespitzte Pfaehle gesetzt.
Initialisierung abgeschlossen.
0, 12 0, 12 0, 12 0, 121
